0.139011 0.348337 0.862826 8.15384e-08
0.870108 0.702032 1 4.07692e-08
0.449858 0.679458 0.994513 0
0.33838 0.566591 0.982167 8.15384e-08
0.401361 0.530474 0.931413 8.15384e-08
0.3101 0.763209 0.919067 4.07692e-08
0.304377 0.702544 0.912209 0
0.298978 0.485327 0.883402 8.15384e-08
0.344907 0.78865 0.925926 4.07692e-08
0.345622 0.913894 0.961591 1.22308e-07
0.225427 0.925636 0.888889 8.15384e-08
0.186987 0.964775 0.820302 1.63077e-07
0.152575 0.657534 0.860082 8.15384e-08
0.220414 0.575342 0.864198 4.07692e-08
0.219779 0.542074 0.82716 8.15384e-08
0.149497 0.821918 0.84225 8.15384e-08
0.160613 0.585127 0.735254 1.22308e-07
0.721318 0.80042 1 4.07692e-08
0.541326 0.682773 0.971193 0
0.901779 0.926471 1 0.66598
0.479509 0.720588 0.961591 1.63077e-07
0.929031 0.870842 1 8.15384e-08
0.99975 0.800274 1 0.892962
0.714903 0.545828 0.989026 0.0388305
0.455552 0.575923 0.983539 1.36655e-06
0.419274 0.644323 0.980796 1.36655e-06
0.424646 0.80301 0.840878 0.590849
0.294538 0.805746 0.939643 4.09963e-06
0.257271 0.701266 0.916324 2.73309e-06
0.272903 0.865937 0.8107 0.333329
0.23291 0.704514 0.834019 1.36655e-06
0.330402 0.740082 0.886145 4.09963e-06
0.289516 0.841313 0.670782 0.686009
0.208092 0.772914 0.677641 1.36655e-06
0.19629 0.756498 0.725652 2.73309e-06
0.169734 0.822161 0.565158 0.288375
0.15989 0.73461 0.603567 0
0.394286 0.709986 0.935528 1.36655e-06
0.224778 0.770178 0.780521 2.73309e-06
0.422277 0.759234 0.891632 1.36655e-06
0.301558 0.852713 0.857339 0
0.270894 0.914729 0.753086 0.152511
0.278221 0.872093 0.662551 0.0794226
0.253112 0.806202 0.647462 2.73309e-06
0.295159 0.825581 0.806584 0
0.20724 0.70155 0.632373 0.163093
0.217761 0.678295 0.703704 1.36655e-06
0.254169 0.748062 0.684499 0.0543694
0.199285 0.75969 0.72428 0
0.1744 0.821705 0.593964 0.147912
0.23584 0.518468 0.923182 0.132303
0.227486 0.504788 0.860082 1.36655e-06
0.215522 0.756962 0.866941 0
0.203736 0.515732 0.865569 2.73309e-06
0.366782 0.625317 0.886145 0
0.210059 0.736709 0.807956 0
0.217231 0.731646 0.753086 4.0996e-06
0.241307 0.63038 0.821674 1.36655e-06
0.225489 0.64557 0.809328 2.73309e-06
0.21829 0.650633 0.695473 0.311728
0.152745 0.711392 0.541838 2.73308e-06
0.113019 0.691139 0.470508 2.73309e-06
0.142366 0.762025 0.524005 0
0.140998 0.792405 0.530864 2.73308e-06
0.173814 0.696203 0.641975 1.36655e-06
0.120399 0.742818 0.491084 4.09964e-06
0.643725 0.6 0.919067 0.31598
0.994573 0.888525 1 0.716272
0.263594 0.623693 0.978052 1.45579e-05
0.244005 0.672474 0.931413 0.245524
0.691497 0.396694 0.834019 1.31877e-05
0.698389 0.371429 0.81893 0
0.60608 0.68595 0.72428 0.308051
0.744554 0.241935 0.843621 2.63744e-05
0.449527 0.22449 0.631001 2.63744e-05
0.557966 0.567347 0.620027 0
0.757295 0.681633 0.899863 3.95632e-05
0.490408 0.504132 0.591221 1.31877e-05
0.53992 0.363265 0.652949 1.31877e-05
0.657902 0.231405 0.786008 1.31877e-05
0.494585 0.322581 0.602195 0.280859
0.900416 0.410959 0.984911 1.69653e-05
0.639992 0.739726 0.861454 0
0.903165 0.69863 0.987654 0.0518994
0.839154 0.657534 0.962963 0
0.891975 0.329787 1 2.75596e-05
0.998387 0.765957 1 2.75596e-05
1 0.877095 1 0.317102
0.433531 0.335484 0.720165 5.08208e-05
0.295662 0.569832 0.432099 0
0.703313 0.696774 0.844993 0.402898
0.446166 0.909677 0.683128 0.820326
0.24334 0.922581 0.400549 0.411322
0.182516 0.916129 0.301783 0.114909
0.198393 0.851613 0.359396 0.769882
0.829436 0.153846 0.986283 0
0.92236 0.890196 0.984911 0.446596
0.50659 0.857143 0.651578 0.405984
0.281795 0.408163 0.363512 0
0.438897 0.709804 0.577503 0.735876
0.615727 0.801354 0.897119 1.02909e-05
0.986859 0.909707 1 0.500811
0.842723 0.65237 0.941015 0.514583
0.369018 0.742664 0.447188 0.262756
0.926911 0.306122 1 0
0.915806 0.357664 0.994513 1.09161e-05
0.992443 0.649635 0.997257 0.437291
0.889484 0.52439 0.978052 0.0367556
1 0.682927 1 0.234245
1 0.602041 1 0.705748
0.963179 0.55414 1 1.62872e-05
0.298781 0.770701 0.687243 0.0197899
0.294341 0.513889 0.55144 4.88591e-05
0.363881 0.504587 0.888889 0
0.999999 0.357798 1 0
0.73623 0.629032 0.978052 0.325396
0.937697 0.5 0.973937 0.283989
0.835699 0.759259 0.969822 0.575009
0.34286 0.75 0.51989 0.745809
0.620798 0.35 0.880658 0.028041
0.963292 0.245902 0.994513 0
0.300938 0.807229 0.717421 0.116309
0.387988 0.73494 0.716049 0.112582
0.229019 0.831325 0.668038 0.137197
0.954562 0.277778 1 0
0.976755 0.778947 1 0
0.575026 0.297456 0.975309 1.5282e-07
0.694951 0.321053 0.946502 7.64102e-08
0.532768 0.424 0.951989 2.29231e-07
0.635081 0.405714 0.983539 3.05641e-07
0.484305 0.242105 0.923182 1.5282e-07
0.597136 0.257895 0.939643 1.5282e-07
0.48116 0.563429 0.91358 0
0.351624 0.385519 0.713306 7.64102e-08
0.516576 0.154599 0.829904 1.5282e-07
0.948705 0.906067 1 2.29231e-07
0.671396 0.874755 0.994513 7.64102e-08
0.95031 0.776908 1 7.64102e-08
0.994963 0.841487 1 2.29231e-07
0.46889 0.174168 0.964335 1.5282e-07
0.62223 0.215264 0.989026 0
0.525696 0.278947 0.884774 7.64102e-08
0.690385 0.284211 0.975309 0
0.610073 0.426316 0.978052 7.64102e-08
0.289555 0.248 0.596708 3.82051e-07
0.299885 0.305284 0.668038 2.29231e-07
0.666987 0.823875 0.975309 7.64102e-08
0.935157 0.569472 1 1.5282e-07
0.504043 0.704501 0.950617 7.64102e-08
0.427604 0.659491 0.883402 2.29231e-07
0.703997 0.95499 0.994513 2.29231e-07
0.863579 0.908023 1 7.64102e-08
0.842194 0.810176 1 0
0.289198 0.947162 0.921811 7.64102e-08
0.865069 0.970646 1 7.64102e-08
0.426219 0.531429 0.814815 7.64102e-08
0.993599 0.872 1 0.0868486
0.574204 0.958904 0.838134 0
0.64904 0.98043 0.954733 2.29231e-07
0.277957 0.774951 0.577503 0
0.317136 0.451429 0.694102 1.5282e-07
0.161266 0.442286 0.515775 2.29231e-07
0.105653 0.414857 0.412894 7.64102e-08
0.351985 0.606857 0.781893 7.64102e-08
0.262439 0.558857 0.707819 7.64102e-08
0.237785 0.517714 0.588477 1.5282e-07
0.956346 0.835616 1 0.99882
0.449985 0.454545 0.994513 0
0.472029 0.507936 0.951989 1.25304e-05
0.345308 0.614679 0.831276 0.128767
0.526268 0.813397 0.77915 1.0391e-05
0.745195 0.818182 0.868313 1.0391e-05
0.900105 0.91866 0.962963 0.793389
0.405001 0.708475 0.657064 0
0.571217 0.665072 0.890261 1.0391e-05
0.490355 0.598086 0.806584 0.374542
0.383209 0.593301 0.672154 0.494981
0.10918 0.75 0.388203 0.443937
0.143928 0.833333 0.327846 0.413859
0.129575 0.45 0.322359 0.000641026
0.137517 0.216667 0.368999 0
0.240114 0.428571 0.443073 0.000954809
0.488843 0.76 0.695473 0.202079
0.226399 0.828571 0.395062 0.437196
0.335867 0.793103 0.916324 0
0.978153 0.891566 0.986283 0.403657
0.600244 0.708609 0.838134 2.53814e-05
0.425735 0.75 0.694102 0.108793
0.490867 0.706522 0.718793 2.53814e-05
0.57569 0.728261 0.788752 0.332847
0.376751 0.939759 0.569273 0.406056
0.385561 0.710843 0.521262 0.204912
0.287972 0.710843 0.367627 0
0.811296 0.854839 1 0.610091
0.676713 0.231156 1 2.01955e-06
0.223573 0.586207 0.820302 0.198546
0.680574 0.190955 0.995885 4.03908e-06
0.546869 0.256281 0.982167 0
0.391017 0.381909 0.961591 2.01955e-06
0.385364 0.100502 0.890261 0.333325
0.326184 0.387097 0.901235 0.333325
0.438594 0.0977011 0.927298 2.01955e-06
0.613779 0.231156 0.987654 4.03908e-06
0.378189 0.385057 0.947874 0
0.337158 0.896552 0.902606 0
0.343226 0.281609 0.934156 0
0.381082 0.366834 0.854595 0.314242
0.456814 0.435484 0.935528 0.301969
0.458337 0.448276 0.978052 0.243685
0.37445 0.741935 0.890261 0.328872
0.285574 0.733871 0.831276 2.01955e-06
0.531489 0.290323 0.839506 4.03911e-06
0.380249 0.867816 0.891632 8.07819e-06
0.196468 0.39196 0.640604 2.01955e-06
0.403355 0.645161 0.861454 0.261713
0.430192 0.482412 0.77915 0.632502
0.29565 0.241935 0.694102 4.03911e-06
0.222441 0.743719 0.57476 0.809865
0.316003 0.591954 0.893004 4.03911e-06
0.347464 0.597701 0.821674 0.569776
0.258526 0.472362 0.702332 0.323571
0.218874 0.252874 0.474623 0
0.266842 0.459459 0.76406 0.000775555
0.174591 0.64 0.529492 0.537536
0.112897 0.69863 0.444444 0.234919
0.590488 0.516129 0.949246 1.98891e-06
0.284511 0.806452 0.639232 0.593125
0.999366 0.650507 1 0.294301
0.876336 0.38172 0.995885 6.6297e-07
0.824822 0.333333 0.994513 6.6297e-07
0.688779 0.35062 0.978052 0.0486144
0.451896 0.546828 0.836763 1.98891e-06
0.707194 0.497182 0.986283 0
0.782691 0.488162 0.983539 6.6297e-07
0.504246 0.510574 0.73251 6.6297e-07
0.826426 0.377678 0.989026 0
0.567159 0.561934 0.816187 0.171312
0.572327 0.45885 0.824417 1.98891e-06
0.804375 0.848929 0.967078 0.214805
0.586734 0.959414 0.866941 0.321604
0.763643 0.736189 0.90535 0.551384
0.415568 0.441088 0.589849 0.330959
0.448289 0.305524 0.673525 0.301771
0.981218 0.779456 1 0.484068
0.973553 0.876133 0.994513 0.246394
0.964121 0.73716 1 0.639778
0.51652 0.924471 0.840878 6.6297e-07
0.480383 0.882175 0.884774 0.211347
0.387047 0.909366 0.713306 0.499377
0.297858 0.891239 0.471879 0.60702
0.456171 0.774521 0.828532 0.617293
0.24086 0.855693 0.443073 0.000764073
0.406477 0.842165 0.696845 0.327243
0.149315 0.846674 0.266118 0.00132406
1 0.645161 1 0.944728
0.182884 0.887097 0.253772 0.397382
0.198697 0.918828 0.408779 0.287808
0.233702 0.27957 0.415638 0.663511
0.154181 0.209677 0.325103 6.6297e-07
0.249699 0.150538 0.378601 1.32594e-06
0.10868 0.192785 0.153635 0.33317
0.993871 0.397849 1 0.988793
0.202731 0.853439 0.388203 0.00196057
0.680419 0.888889 0.897119 0.300883
0.417256 0.833333 0.73251 0.285239
0.223613 0.888889 0.517147 0.311874
0.904481 0.6875 0.983539 0.82195
0.882447 0.640625 0.997257 0.809201
0.246009 0.285714 0.717421 0
0.187483 0.328358 0.525377 0.0313442
0.617316 0.816514 0.943759 0
0.873305 0.821101 1 0
0.630957 0.227273 0.954733 0.000853388
0.530745 0.224215 0.898491 3.92291e-06
0.971594 0.681614 1 0
0.683742 0.206349 0.890261 0
0.473264 0.251121 0.860082 7.84572e-06
0.656962 0.31746 0.927298 7.84572e-06
0.942483 0.428571 1 0
0.742003 0.468254 0.957476 7.84572e-06
0.663011 0.666667 0.899863 0.765141
0.683031 0.44843 0.954733 0.333322
0.419319 0.511211 0.695473 0.110219
0.351436 0.515695 0.617284 0
0.65416 0.52381 0.888889 3.92291e-06
0.530279 0.506726 0.875171 0
0.323301 0.61435 0.507545 3.92291e-06
0.766821 0.605381 0.943759 0.439724
0.451427 0.627803 0.684499 0
0.509145 0.713004 0.746228 1.17686e-05
0.525759 0.61435 0.809328 0.224695
0.747621 0.668161 0.931413 3.92291e-06
0.591909 0.642857 0.857339 0.14409
0.512852 0.619048 0.703704 0.278311
0.301455 0.573991 0.58299 3.92291e-06
0.543576 0.735426 0.728395 0.227776
0.768338 0.5 0.928669 0.963454
0.752087 0.6375 0.868313 0.637233
0.627986 0.847534 0.829904 0.631255
0.539152 0.365079 0.706447 0.937629
0.449241 0.636364 0.578875 0
0.38162 0.356322 0.51166 0.101547
0.100438 0.885057 0.119342 0.526181
0.564449 0.151515 0.647462 0
0.840399 0.462121 1 1.23481e-06
0.662826 0.416667 0.961591 0
0.541433 0.492424 0.879287 0.0561213
0.476432 0.606061 0.75583 0.163154
0.954127 0.734848 1 0.555897
0.83433 0.560724 0.993141 3.70443e-06
0.924421 0.606061 0.997257 1.23481e-06
0.579732 0.524548 0.906722 0
0.605742 0.540052 0.895748 0.255688
0.534228 0.760417 0.902606 0.309053
0.522975 0.79845 0.765432 0.325885
0.409125 0.751938 0.643347 0.32839
0.972488 0.896641 1 0.971495
0.244965 0.270758 0.894376 4.29745e-06
0.526291 0.429603 0.986283 2.86496e-06
0.341521 0.505415 0.975309 0
0.403317 0.588448 0.928669 0.0286913
0.247168 0.624606 0.906722 0.564034
0.244288 0.684543 0.829904 0.264551
0.19946 0.448718 0.798354 0.10203
0.382557 0.166065 0.888889 0.333328
0.153941 0.416667 0.62963 0
0.446099 0.577617 0.994513 1.43248e-06
0.251737 0.483755 0.894376 0.238879
0.504832 0.826715 0.978052 2.86497e-06
0.25836 0.586751 0.834019 0.342205
0.185009 0.507886 0.753086 0.212398
0.180631 0.634069 0.61454 0.476587
0.248264 0.557692 0.689986 0.539684
0.132597 0.545741 0.470508 0.563867
0.784969 0.541176 1 0
0.761656 0.758824 0.995885 0.450064
0.323209 0.892405 0.879287 0.233866
0.14659 0.62701 0.683128 0.148341
0.142635 0.581994 0.670782 2.65414e-05
0.123361 0.92926 0.589849 0.540832
0.131092 0.622047 0.775034 0.0113661
0.462638 0.681818 0.766804 0
0.503049 0.69697 0.772291 0.000266335
0.772074 0.910569 0.972565 0
0.52501 0.257143 0.935528 0.000514808
0.320834 0.761364 0.650206 0.686091
0.203972 0.886364 0.48011 0.00462005
0.188009 0.602273 0.533608 5.17125e-05
0.914634 0.903743 0.998628 0.502965
0.95932 0.368421 1 0.000391144
0.632931 0.631579 0.888889 0.000235147
0.979266 0.347619 1 0.32898
0.644247 0.787521 0.886145 0.997373
0.355697 0.735714 0.609053 1.1044e-06
0.163394 0.582143 0.249657 1.1044e-06
0.489533 0.629063 0.824417 5.522e-07
0.372389 0.632143 0.670782 1.1044e-06
0.24755 0.65 0.548697 5.522e-07
0.19463 0.594646 0.459534 0
0.200965 0.671128 0.353909 0.332214
0.189849 0.364286 0.415638 5.522e-07
0.193847 0.567857 0.407407 1.1044e-06
0.185096 0.632143 0.419753 0
0.164006 0.714286 0.347051 5.522e-07
0.345683 0.957935 0.858711 0
0.226019 0.969407 0.497942 0.322972
0.17969 0.961759 0.322359 0
0.16885 0.755258 0.286694 0.317679
0.17539 0.609943 0.345679 5.522e-07
0.283144 0.57935 0.48011 5.522e-07
0.463962 0.460916 0.909465 6.29786e-06
0.932088 0.924528 1 0.87782
0.524821 0.487871 0.932785 0
0.430796 0.520548 0.799726 6.29786e-06
0.210345 0.433333 0.518519 0.56492
0.376199 0.5 0.978052 1.5873e-05
0.300107 0.488372 0.906722 3.17445e-05
0.200982 0.488372 0.683128 3.1746e-05
0.404373 0.592493 0.94513 1.58723e-05
0.266627 0.747989 0.699588 0.175705
0.391045 0.488372 0.898491 0.24425
0.558925 0.683794 0.946502 1.63079e-05
0.622022 0.557312 0.941015 0.182462
0.982964 0.857924 1 0.52945
0.459105 0.454545 0.783265 0.376176
0.425425 0.56383 0.696845 0.700969
0.2379 0.399209 0.379973 0.514832
0.446591 0.733333 0.877915 3.71867e-008
0.498705 0.738095 0.869684 3.71867e-008
0.277307 0.67619 0.783265 7.43735e-008
0.296991 0.852381 0.698217 0
0.329827 0.709524 0.751715 3.71867e-008
0.36859 0.638095 0.733882 3.71867e-008
0.284348 0.661905 0.768176 0
0.283265 0.852381 0.611797 0.333215
0.232444 0.557143 0.651578 1.1156e-007
0.265623 0.57619 0.702332 1.1156e-007
0.272581 0.566667 0.666667 1.48747e-007
0.170227 0.628571 0.570645 1.48747e-007
0.198903 0.671429 0.618656 7.43735e-008
0.27041 0.638095 0.816187 0.21491
0.316167 0.684564 0.868313 0.000622273
0.224244 0.693512 0.713306 0.308469
0.144941 0.639442 0.529492 7.43735e-008
0.219816 0.747012 0.668038 0.0288753
0.862015 0.82381 1 0.999327
0.209092 0.722595 0.651578 0.622676
0.274895 0.714286 0.812071 0.00134792
0.394318 0.166667 0.869684 0
0.309625 0.631579 0.788752 3.4571e-005
0.364524 0.492537 0.835391 3.4571e-005
0.300391 0.230769 0.796982 0.000115625
0.295534 0.638889 0.788752 0.000123663
0.330246 0.5 0.866941 0
0.54733 0.570093 1 0
0.709579 0.892368 1 6.14997e-008
0.857942 0.640187 1 6.14997e-008
0.643193 0.579439 1 9.22495e-008
0.796262 0.778865 1 0
0.722829 0.579439 1 6.14997e-008
0.303912 0.716243 0.986283 3.07498e-008
0.631968 0.835616 0.979424 6.14997e-008
0.580251 0.528037 1 3.07498e-008
0.698352 0.821918 0.99177 3.07498e-008
0.570206 0.387476 0.99177 3.07498e-008
0.642932 0.733855 0.993141 0
0.353176 0.448598 0.972565 3.07498e-008
0.396736 0.44227 1 6.14997e-008
0.510204 0.256818 0.994513 9.22495e-008
0.273511 0.352251 0.975309 6.14997e-008
0.325029 0.385519 0.960219 1.53749e-007
0.282584 0.448598 0.951989 3.07498e-008
0.5563 0.32681 0.994513 0
0.662488 0.240909 1 3.07498e-008
0.391547 0.373777 0.96845 0.322509
0.612058 0.546729 0.931413 6.14997e-008
0.568185 0.95 1 0.200839
0.292629 0.95 0.962963 0.48724
0.246623 0.920455 0.930041 0.478056
0.36912 0.640909 0.8107 3.07498e-008
0.305768 0.55 0.721536 0
0.378969 0.604545 0.824417 6.14997e-008
0.323544 0.604545 0.757202 0
0.816013 0.870842 0.998628 9.22495e-008
0.156099 0.574766 0.599451 1.22999e-007
0.151664 0.481308 0.658436 3.07498e-008
0.15376 0.488636 0.633745 6.14997e-008
0.199816 0.888636 0.877915 0.333066
0.152822 0.906818 0.857339 0.99947
0.103424 0.95499 0.643347 3.07498e-008
0.151728 0.5 0.430727 0.000115781
0.157683 0.518248 0.39369 0.000115781
0.141368 0.4 0.449931 0.000347102
0.385491 0.125 0.94513 0
0.28062 0.483871 0.55144 6.17398e-005
0.168715 0.714286 0.371742 0.121938
0.292194 0.285714 0.894376 0
0.303202 0.230769 0.772291 0
0.146379 0.702128 0.60631 0
0.187195 0.163636 0.447188 0
0.643549 0.25 0.884774 0
0.611418 0.714286 0.949246 0.00107527
0.176111 0.705882 0.485597 0.00583771
0.698882 0.663717 1 1.20686e-007
0.512965 0.730088 0.982167 8.04571e-008
0.991729 0.593824 1 1.60914e-007
0.524094 0.517699 0.990398 1.60914e-007
0.477496 0.438053 0.967078 1.20686e-007
0.491301 0.455752 0.964335 4.02285e-008
0.353694 0.414873 0.860082 1.60914e-007
0.412888 0.482301 0.920439 1.20686e-007
0.366365 0.451327 0.906722 4.02285e-008
0.237896 0.358407 0.806584 8.04571e-008
0.22241 0.495575 0.754458 8.04571e-008
0.297579 0.716814 0.9369 1.20686e-007
0.253111 0.610619 0.801097 1.20686e-007
0.4417 0.712389 0.956104 8.04571e-008
0.783155 0.566372 1 4.02285e-008
0.537338 0.937378 0.919067 4.02285e-008
0.100976 0.575342 0.455418 8.04571e-008
0.254188 0.373777 0.728395 4.02285e-008
0.144183 0.401174 0.57476 1.20686e-007
0.480908 0.906067 0.925926 0.666178
0.360359 0.915851 0.908093 8.04571e-008
0.756449 0.707839 0.99177 0.141129
0.319137 0.809735 0.824417 4.02285e-008
0.707043 0.544248 1 0.333101
0.878324 0.685841 1 4.02285e-008
0.185672 0.333333 0.805213 0.00131989
0.600059 0.407045 0.995885 2.7732e-007
0.950716 0.606654 1 6.933e-008
0.314785 0.310811 0.958848 2.0799e-007
0.607379 0.788235 0.990398 0.333333
0.82862 0.403131 1 6.933e-008
0.553201 0.32549 0.975309 6.933e-008
0.499158 0.660131 0.97668 1.3866e-007
0.975545 0.76732 1 1.3866e-007
0.497764 0.495425 0.965706 0
0.999383 0.86036 1 0.332839
0.488076 0.581081 0.943759 2.0799e-007
0.420649 0.567568 0.899863 1.3866e-007
0.303309 0.504505 0.825789 1.3866e-007
0.245953 0.504892 0.88203 0
0.294888 0.563063 0.849108 6.933e-008
0.214653 0.540541 0.641975 6.933e-008
0.285242 0.513514 0.855967 6.933e-008
0.482983 0.878669 0.973937 2.7732e-007
0.388442 0.855186 0.958848 6.933e-008
0.997543 0.917808 1 2.0799e-007
0.923379 0.878669 1 0.332453
0.511515 0.861057 0.958848 6.933e-008
0.707222 0.890411 1 6.933e-008
0.323334 0.841487 0.925926 6.933e-008
0.8597 0.845752 1 1.3866e-007
0.768172 0.879739 1 0
0.693062 0.853595 0.978052 1.3866e-007
0.300816 0.911111 0.886145 1.3866e-007
0.131355 0.34638 0.725652 0.333333
0.114623 0.504505 0.702332 6.933e-008
0.207106 0.40991 0.657064 2.0799e-007
0.115055 0.142857 0.518519 6.933e-008
0.133657 0.511111 0.580247 2.7732e-007
0.289677 0.667319 0.927298 0
0.16704 0.675676 0.687243 6.933e-008
0.242932 0.605229 0.674897 1.3866e-007
0.159149 0.915851 0.603567 6.933e-008
0.538965 0.984344 0.901235 1.3866e-007
0.261319 0.939335 0.792867 2.0799e-007
0.2307 0.872798 0.759945 6.933e-008
0.293802 0.898239 0.817558 6.933e-008
0.354686 0.547945 0.847737 2.0799e-007
0.255495 0.485323 0.798354 6.933e-008
0.317027 0.518591 0.784636 3.4665e-007
0.234377 0.615686 0.624143 6.933e-008
0.292069 0.769935 0.740741 0.333035
0.100045 0.395303 0.711934 2.0799e-007
0.106522 0.420744 0.673525 6.933e-008
0.163685 0.46771 0.762689 6.933e-008
0.426393 0.792564 0.932785 0.663566
0.140742 0.878669 0.588477 0.991763
0.103828 0.887582 0.496571 0.999755
0.180726 0.843137 0.855967 0.749687
0.20703 0.404762 0.585734 0
0.389392 0.435897 0.88203 0
0.23209 0.411765 0.533608 0
0.749031 0.912821 0.94513 0.861897
0.51035 0.897436 0.762689 0.757515
0.856273 0.633333 0.994513 0
0.321279 0.82 0.666667 0.841519
0.517458 0.8 0.825789 0.213481
0.444866 0.64 0.82716 0.326435
0.440557 0.58 0.798354 0.333318
0.375442 0.573333 0.76406 0
0.57841 0.546667 0.923182 4.95538e-006
0.380332 0.56 0.657064 4.95538e-006
0.602292 0.413333 0.853224 4.9553e-006
0.37851 0.756364 0.753086 0.779552
0.317864 0.793333 0.702332 0.285781
0.686722 0.766667 0.887517 0.156404
0.326057 0.7 0.640604 4.95538e-006
0.18827 0.7 0.373114 0.0975367
0.340476 0.578182 0.761317 4.95538e-006
0.242711 0.48 0.555556 0.321262
0.51394 0.865455 0.798354 0.951065
0.392316 0.892308 0.673525 0
0.312148 0.866667 0.650206 0.016685
0.406577 0.810909 0.681756 0.599808
0.231382 0.673333 0.449931 0.32484
0.229326 0.64 0.508916 0.294151
0.311133 0.6 0.63786 0.333314
0.241166 0.490909 0.530864 0
0.231798 0.406667 0.510288 1.98214e-005
0.28591 0.528205 0.540466 0.756892
0.346825 0.533333 0.658436 4.95538e-006
0.215505 0.825455 0.45679 0.759822
0.354803 0.872727 0.72428 0.852007
0.318928 0.830769 0.596708 0.923443
0.32027 0.861538 0.576132 4.95538e-006
0.404337 0.933333 0.699588 0.564059
0.32841 0.882051 0.654321 0.591444
0.845224 0.315789 0.986283 0
0.443649 0.747851 0.9369 2.75268e-006
0.799647 0.733766 1 0
0.303756 0.51948 0.802469 8.258e-006
0.41022 0.696275 0.88203 2.75268e-006
0.44029 0.720779 0.78738 8.25805e-006
0.411117 0.501433 0.70096 5.50534e-006
0.167632 0.922892 0.477366 0.0352402
0.788828 0.78125 0.993141 0.960543
0.323638 0.882674 0.806584 4.08247e-006
0.231906 0.923602 0.699588 8.16493e-006
0.282046 0.923602 0.698217 0
0.27718 0.819918 0.665295 0
0.237024 0.929059 0.676269 0.315244
0.468491 0.414063 0.725652 0.00135948
0.229788 0.866303 0.595336 4.08247e-006
0.120322 0.768076 0.400549 4.08247e-006
0.250222 0.702592 0.685871 8.16493e-006
0.14452 0.773533 0.522634 1.22473e-005
0.165721 0.21875 0.485597 0.155321
0.889427 0.438596 0.998628 0
0.269521 0.272085 0.923182 6.91269e-006
0.300901 0.229682 0.978052 6.91265e-006
0.552544 0.695313 0.980796 0.313093
0.994792 0.782609 1 0.292204
0.230449 0.798913 0.761317 1.09455e-005
0.441355 0.657609 0.838134 0.384022
0.280848 0.26087 0.687243 0.0403292
0.204672 0.414392 0.532236 0.288094
0.192637 0.851117 0.581619 1.64182e-005
0.155613 0.662531 0.514403 0.841763
0.307224 0.868885 0.861454 4.47329e-007
0.299209 0.6 0.846365 0.332031
0.376373 0.8591 0.951989 2.23664e-007
0.352848 0.900196 0.871056 2.23665e-007
0.360377 0.913636 0.965706 0.663602
0.445669 0.809091 0.910837 3.35497e-007
0.355525 0.83366 0.886145 0.316709
0.434537 0.777273 0.894376 4.47329e-007
0.420046 0.727273 0.876543 2.23665e-007
0.391849 0.825832 0.883402 1.11832e-007
0.175647 0.816047 0.809328 0
0.214189 0.549902 0.828532 3.35497e-007
0.265879 0.781366 0.84225 2.23665e-007
0.247097 0.822727 0.78738 0.333333
0.17783 0.813636 0.739369 0
0.208661 0.686364 0.659808 2.23665e-007
0.202022 0.592955 0.672154 3.35497e-007
0.245508 0.363975 0.695473 3.35497e-007
0.227761 0.677273 0.635117 1.11832e-007
0.510481 0.358121 0.978052 0.332633
0.334278 0.232298 0.862826 2.23665e-007
0.146387 0.254658 0.703704 2.23664e-007
0.164734 0.254658 0.746228 2.23665e-007
0.32449 0.246575 0.860082 0
0.159875 0.326708 0.721536 3.35497e-007
0.588946 0.386364 0.983539 1.11832e-007
0.279179 0.396273 0.872428 0
0.28907 0.481818 0.798354 0
0.335387 0.421118 0.853224 2.23665e-007
0.65175 0.768182 0.994513 0.000721226
0.408699 0.939335 0.973937 2.23665e-007
0.19811 0.254545 0.768176 2.23665e-007
0.644673 0.772727 0.99177 0.0501367
0.147033 0.864971 0.618656 0.210435
0.198246 0.809091 0.733882 1.11832e-007
0.203875 0.886497 0.674897 0.0180481
0.182353 0.894325 0.681756 0.00198663
0.38269 0.886364 0.978052 0.998317
0.366296 0.388286 0.949246 1.27865e-007
0.346199 0.388286 0.914952 1.27865e-007
0.218264 0.301518 0.910837 3.83596e-007
0.341653 0.344902 0.924554 1.27865e-007
0.213468 0.281996 0.860082 2.5573e-007
0.259585 0.375271 0.927298 2.5573e-007
0.952025 0.859649 1 0.997922
0.210743 0.305857 0.860082 1.27865e-007
0.308627 0.292842 0.924554 1.27865e-007
0.17784 0.336226 0.825789 2.5573e-007
0.301191 0.534694 0.888889 1.27865e-007
0.289091 0.423129 0.825789 3.83596e-007
0.244528 0.368707 0.839506 6.39326e-007
0.40496 0.824561 0.987654 2.5573e-007
0.369975 0.719298 0.960219 1.27865e-007
0.328564 0.25 0.975309 7.81372e-005
0.22534 0.215686 0.714678 0
0.305071 0.432836 0.829904 0.000705634
0.600059 0.407045 0.995885 2.7732e-007
0.950716 0.606654 1 6.933e-008
0.314785 0.310811 0.958848 2.0799e-007
0.607379 0.788235 0.990398 0.333333
0.82862 0.403131 1 6.933e-008
0.553201 0.32549 0.975309 6.933e-008
0.499158 0.660131 0.97668 1.3866e-007
0.975545 0.76732 1 1.3866e-007
0.497764 0.495425 0.965706 0
0.999383 0.86036 1 0.332839
0.488076 0.581081 0.943759 2.0799e-007
0.420649 0.567568 0.899863 1.3866e-007
0.303309 0.504505 0.825789 1.3866e-007
0.245953 0.504892 0.88203 0
0.294888 0.563063 0.849108 6.933e-008
0.214653 0.540541 0.641975 6.933e-008
0.285242 0.513514 0.855967 6.933e-008
0.482983 0.878669 0.973937 2.7732e-007
0.388442 0.855186 0.958848 6.933e-008
0.997543 0.917808 1 2.0799e-007
0.923379 0.878669 1 0.332453
0.511515 0.861057 0.958848 6.933e-008
0.707222 0.890411 1 6.933e-008
0.323334 0.841487 0.925926 6.933e-008
0.8597 0.845752 1 1.3866e-007
0.768172 0.879739 1 0
0.693062 0.853595 0.978052 1.3866e-007
0.300816 0.911111 0.886145 1.3866e-007
0.131355 0.34638 0.725652 0.333333
0.114623 0.504505 0.702332 6.933e-008
0.207106 0.40991 0.657064 2.0799e-007
0.115055 0.142857 0.518519 6.933e-008
0.133657 0.511111 0.580247 2.7732e-007
0.289677 0.667319 0.927298 0
0.16704 0.675676 0.687243 6.933e-008
0.242932 0.605229 0.674897 1.3866e-007
0.159149 0.915851 0.603567 6.933e-008
0.538965 0.984344 0.901235 1.3866e-007
0.261319 0.939335 0.792867 2.0799e-007
0.2307 0.872798 0.759945 6.933e-008
0.293802 0.898239 0.817558 6.933e-008
0.354686 0.547945 0.847737 2.0799e-007
0.255495 0.485323 0.798354 6.933e-008
0.317027 0.518591 0.784636 3.4665e-007
0.234377 0.615686 0.624143 6.933e-008
0.292069 0.769935 0.740741 0.333035
0.100045 0.395303 0.711934 2.0799e-007
0.106522 0.420744 0.673525 6.933e-008
0.163685 0.46771 0.762689 6.933e-008
0.426393 0.792564 0.932785 0.663566
0.140742 0.878669 0.588477 0.991763
0.103828 0.887582 0.496571 0.999755
0.180726 0.843137 0.855967 0.749687
0.20703 0.404762 0.585734 0
0.389392 0.435897 0.88203 0
0.23209 0.411765 0.533608 0
0.23617 0.856079 0.8738 5.347e-008
0.242371 0.796526 0.8738 0
0.706972 0.6 0.990398 5.347e-008
0.692612 0.546808 0.965706 5.347e-008
0.487669 0.621277 0.941015 8.0205e-008
0.76145 0.538298 0.990398 0
0.778348 0.565957 0.957476 8.0205e-008
0.55014 0.597872 0.942387 2.6735e-008
0.644905 0.644681 0.9369 0
0.378428 0.42928 0.843621 2.6735e-008
0.237389 0.842553 0.77915 1.0694e-007
0.190436 0.797872 0.635117 2.6735e-008
0.192994 0.838298 0.662551 8.0205e-008
0.137196 0.829787 0.567901 5.347e-008
0.213166 0.448936 0.684499 2.6735e-008
0.385613 0.934043 0.946502 0.333053
0.227181 0.91067 0.775034 5.347e-008
0.20487 0.607843 0.762689 5.30133e-008
0.246876 0.519608 0.716049 2.65066e-008
0.253354 0.436275 0.799726 0
0.207596 0.421569 0.725652 5.30133e-008
0.201841 0.602941 0.665295 0
0.180682 0.377451 0.754458 1.06027e-007
0.16851 0.544118 0.60631 5.30133e-008
0.181845 0.485294 0.626886 7.95199e-008
0.167847 0.303922 0.59808 5.30133e-008
0.552325 0.434442 0.956104 0.323273
0.401755 0.414873 0.953361 2.65066e-008
0.455692 0.358121 0.938272 7.95199e-008
0.336853 0.362035 0.817558 0
0.148718 0.514113 0.641975 5.30133e-008
0.222288 0.675147 0.807956 2.65066e-008
0.185287 0.851272 0.735254 2.65066e-008
0.22003 0.843444 0.823045 0
0.173173 0.943249 0.761317 2.65066e-008
0.180039 0.949119 0.727023 5.30133e-008
0.183936 0.771037 0.707819 5.30133e-008
0.174603 0.880626 0.746228 5.30133e-008
0.1909 0.747554 0.576132 2.65066e-008
0.252786 0.506849 0.737997 2.65066e-008
0.258758 0.465686 0.786008 5.30133e-008
0.138969 0.477495 0.654321 7.95199e-008
0.17792 0.48728 0.635117 2.65066e-008
0.189763 0.534314 0.654321 2.65066e-008
0.216864 0.372549 0.685871 2.65066e-008
0.187827 0.561644 0.611797 0
0.119162 0.567515 0.514403 0
0.783071 0.933464 0.99177 0
0.664785 0.827789 0.971193 0.333221
0.344597 0.720588 0.887517 2.65066e-008
0.397774 0.823529 0.964335 5.30133e-008
0.306215 0.843137 0.824417 2.65066e-008
0.194498 0.833333 0.689986 5.30133e-008
0.173379 0.945205 0.677641 2.65066e-008
0.142427 0.843444 0.596708 2.65066e-008
0.171928 0.892368 0.647462 2.65066e-008
0.112827 0.83953 0.495199 0
0.202007 0.816047 0.676269 5.30133e-008
0.139532 0.919765 0.54321 0
0.15075 0.925636 0.587106 2.65066e-008
0.157128 0.908023 0.648834 5.30133e-008
0.194217 0.392157 0.691358 2.65066e-008
0.174134 0.397059 0.677641 5.30133e-008
0.226807 0.401961 0.722908 0
0.38574 0.75 0.938272 0.333146
0.244563 0.709677 0.766804 7.95199e-008
0.315537 0.986301 0.805213 1.32533e-007
0.210562 0.986301 0.699588 0
0.132267 0.888454 0.506173 5.30133e-008
0.248282 0.874755 0.802469 7.95199e-008
0.155743 0.880626 0.615912 5.30133e-008
0.162874 0.413306 0.652949 0.333333
0.16978 0.413306 0.674897 5.30133e-008
0.146843 0.413306 0.613169 5.30133e-008
0.502678 0.720588 0.923182 2.65066e-008
0.193605 0.754902 0.677641 2.65066e-008
0.119858 0.362903 0.54321 5.30133e-008
0.104433 0.40121 0.532236 0
0.316893 0.821918 0.8738 0.666137
0.38906 0.818004 0.860082 0
0.242878 0.843444 0.655693 0
0.373745 0.694716 0.875171 5.30133e-008
0.442525 0.745597 0.906722 0.333252
0.29822 0.722113 0.794239 0.333257
0.491513 0.943548 0.96845 0.333
0.162716 0.969758 0.593964 0.332993
0.547877 0.976517 0.964335 7.95199e-008
0.67919 0.858871 0.972565 0
0.244058 0.21875 0.683128 0.000339443
0.519493 0.404255 0.923182 9.94728e-005
0.389122 0.234043 0.866941 0
0.306174 0.276596 0.758573 0.00019859
0.510993 0.867521 0.986283 3.96247e-008
0.823622 0.905983 0.997257 3.96247e-008
0.970341 0.846154 1 3.96247e-008
0.939741 0.893162 1 5.94371e-008
0.846207 0.886497 1 1.98124e-008
0.788422 0.906067 0.995885 3.96247e-008
0.805869 0.888454 0.997257 3.96247e-008
0.599958 0.847358 0.982167 3.96247e-008
0.740242 0.927593 0.993141 5.94371e-008
0.341459 0.763209 0.938272 0
0.46641 0.776908 0.884774 3.96247e-008
0.287467 0.863248 0.853224 5.94371e-008
0.83887 0.824786 1 3.96247e-008
0.491479 0.833333 0.930041 9.90618e-008
0.430707 0.75641 0.916324 3.96247e-008
0.289108 0.710372 0.912209 0
0.442476 0.735043 0.869684 1.98124e-008
0.28611 0.692308 0.829904 3.96247e-008
0.422622 0.606654 0.886145 3.96247e-008
0.427629 0.612524 0.869684 3.96247e-008
0.21045 0.937378 0.733882 3.96247e-008
0.204981 0.825832 0.790123 7.92495e-008
0.193971 0.450098 0.792867 0
0.34745 0.74359 0.831276 3.96247e-008
0.268553 0.751468 0.805213 1.98124e-008
0.265488 0.727984 0.775034 5.94371e-008
0.305704 0.686888 0.791495 1.98124e-008
0.301749 0.761252 0.799726 1.98124e-008
0.217297 0.444444 0.69273 5.94371e-008
0.23918 0.432485 0.809328 0
0.405703 0.902153 0.998628 0
0.272388 0.937378 0.94513 0.66643
0.296518 0.739726 0.961591 0
0.189854 0.988258 0.8738 1.98124e-008
0.261 0.726496 0.958848 5.94371e-008
0.275672 0.917808 0.880658 0.666558
0.107386 0.679487 0.576132 0
0.756403 0.548324 1 0.291654
0.914506 0.714912 1 0.920483
0.512327 0.510848 1 0.466084
0.448167 0.394314 1 4.40257e-007
0.748342 0.385965 1 2.20129e-007
0.348502 0.504386 1 0
0.497269 0.627193 1 0.629998
0.166457 0.280079 0.903978 0
0.384842 0.675439 0.994513 0.584001
0.328125 0.596491 1 0.756038
0.223751 0.601578 0.972565 0.605172
0.513928 0.75 1 0.658321
0.618081 0.770087 1 0.991451
0.323374 0.653509 0.998628 0.895562
0.253348 0.565789 0.953361 0.667925
0.239427 0.594561 0.910837 0.00022752
0.190069 0.658838 0.886145 0.265881
0.302311 0.530702 0.895748 0.33501
0.10635 0.925049 0.710562 0.761791
0.102062 0.540173 0.729767 0.332927
0.928784 0.676143 1 0.997319
0.161152 0.755253 0.824417 0.0110059
0.745433 0.755253 0.994513 0.991972
0.137922 0.392505 0.636488 0.332374
0.851547 0.87234 1 0.964991
0.166521 0.798817 0.972565 0.288835
0.353436 0.191489 0.994513 0.275807
0.325084 0.201465 0.997257 2.55502e-006
0.377549 0.744681 0.984911 0.905351
0.180877 0.170213 0.840878 0.277419
0.389364 0.491124 0.99177 0
0.152951 0.739645 0.76406 0
0.187139 0.254438 0.847737 0.915931
0.155954 0.106383 0.807956 0.95484
0.202136 0.905512 0.876543 6.07054e-005
0.216544 0.738318 0.862826 0
0.135241 0.643077 0.717421 0.000148008
0.497938 0.46601 0.994513 4.07464e-008
0.99667 0.425287 1 8.14927e-008
0.50442 0.345813 0.930041 0
0.271486 0.871921 0.994513 0.489456
0.162669 0.8 0.230453 0.276402
0.222308 0.525 0.319616 0.000197006
0.322357 0.1125 0.51989 0
0.219671 0.233333 0.341564 0.332939
0.210635 0.266667 0.341564 0
0.350827 0.4625 0.469136 0.130091
0.214668 0.5 0.286694 0.459689
0.205143 0.673469 0.414266 0.122208
0.988567 0.555556 0.998628 0
0.126084 0.44 0.329218 0.250372
0.128045 0.157895 0.37037 0.00150447
0.140893 0.394737 0.423868 0
0.334545 0.516634 1 0
0.383283 0.585127 0.983539 3.53855e-008
0.617103 0.587084 1 3.53856e-008
0.697986 0.542074 1 1.06157e-007
0.267108 0.612525 1 7.07711e-008
0.472537 0.534247 0.990398 3.53856e-008
0.430808 0.659491 0.997257 7.07711e-008
0.544715 0.637965 0.997257 1.41542e-007
0.340957 0.577299 1 7.07711e-008
0.527105 0.645793 1 7.07711e-008
0.528351 0.594912 1 7.07711e-008
0.527396 0.596869 1 7.07711e-008
0.383588 0.585127 0.998628 3.53855e-008
0.371594 0.667319 0.993141 0.00238197
0.43464 0.53229 0.898491 0.000171312
0.495905 0.53816 0.9369 7.4259e-005
0.473157 0.523232 0.928669 0.000207279
0.345677 0.555773 0.855967 0.000292988
0.405814 0.497065 0.91358 0.00015571
0.511442 0.523232 0.978052 0.000213522
0.537401 0.48728 0.964335 8.2943e-005
0.425648 0.612121 0.925926 0.000137524
0.379275 0.542074 0.817558 9.98304e-005
0.445453 0.579256 0.924554 0.000243147
0.422606 0.507071 0.923182 9.50306e-005
0.370473 0.60274 0.860082 8.53869e-005
0.261999 0.462626 0.733882 0.327801
0.283723 0.569472 0.750343 0.0001566
0.350332 0.598826 0.829904 0.000109072
0.936996 0.381485 1 0.331806
0.218667 0.978474 0.503429 3.68064e-008
0.184001 0.943249 0.440329 0.333304
0.498289 0.481409 0.975309 9.9649e-008
0.255743 0.526419 0.843621 9.9649e-008
0.275549 0.455969 0.895748 4.98245e-008
0.256217 0.434442 0.871056 9.9649e-008
0.24088 0.387476 0.657064 1.49473e-007
0.700583 0.502935 0.971193 1.49473e-007
0.477451 0.465753 0.928669 1.49473e-007
0.557906 0.632094 0.871056 9.9649e-008
0.405979 0.377691 0.861454 1.49473e-007
0.393471 0.90411 0.733882 1.99298e-007
0.80361 0.747554 0.998628 0.666285
0.2095 0.809917 0.687243 9.9649e-008
0.178924 0.557851 0.765432 0
0.184747 0.725207 0.75583 4.98245e-008
0.421611 0.937378 0.91358 1.49473e-007
0.38526 0.988258 0.969822 1.49473e-007
0.204571 0.992172 0.81893 4.98245e-008
0.712958 0.978474 0.987654 1.49473e-007
0.942559 0.579832 1 1.49473e-007
0.461058 0.808219 0.99177 9.21792e-008
0.693258 0.686888 0.994513 3.07264e-008
0.363048 0.745597 0.986283 6.14528e-008
0.309108 0.755382 0.990398 0
0.985958 0.688776 1 0.999224
0.575363 0.581633 0.997257 3.07264e-008
0.406466 0.596939 0.990398 3.07264e-008
0.537129 0.561224 0.99177 3.07264e-008
0.571264 0.688845 1 3.07264e-008
0.432226 0.741683 0.987654 6.14528e-008
0.534096 0.50813 0.990398 6.14528e-008
0.343784 0.962818 0.962963 3.07264e-008
0.39006 0.596939 0.97668 3.07264e-008
0.223905 0.471624 0.973937 6.14528e-008
0.376869 0.522358 0.965706 0
0.317425 0.547945 0.950617 6.14528e-008
0.300123 0.870842 0.914952 1.22906e-007
0.370171 0.653061 0.947874 3.07264e-008
0.283393 0.637755 0.920439 3.07264e-008
0.262101 0.581633 0.901235 6.14528e-008
0.279686 0.55102 0.914952 1.22906e-007
0.325902 0.438776 0.946502 0
0.310499 0.440313 0.893004 3.07264e-008
0.254631 0.596869 0.91358 0
0.338736 0.590998 0.909465 0.323279
0.203043 0.65362 0.960219 3.07264e-008
0.159895 0.602041 0.855967 3.07264e-008
0.228631 0.549902 0.82716 1.22906e-007
0.266327 0.684932 0.879287 3.07264e-008
0.540005 0.649706 0.998628 1.22906e-007
0.358647 0.76908 1 6.14528e-008
0.29127 0.92955 0.949246 6.14528e-008
0.50535 0.530364 0.950617 3.42003e-006
0.56627 0.748988 0.972565 0
0.575209 0.51417 0.939643 3.42003e-006
0.91892 0.914894 0.983539 0.317105
0.414587 0.748988 0.928669 0
0.420144 0.392713 0.877915 0.317286
0.432344 0.538462 0.81893 0.320267
0.565317 0.668016 0.953361 0.0237626
0.47216 0.263158 0.796982 6.83999e-006
0.419629 0.668016 0.759945 0
0.474807 0.910931 0.893004 0.316852
0.582924 0.684211 0.903978 0.637641
0.364389 0.530364 0.759945 0.260733
0.284233 0.174089 0.643347 0
0.297086 0.180851 0.695473 0.110352
0.37035 0.244681 0.791495 3.42003e-006
0.294849 0.425101 0.620027 6.84006e-006
0.450885 0.821862 0.828532 3.42003e-006
0.306568 0.343239 0.618656 0.356826
0.305004 0.222672 0.599451 3.42003e-006
0.348506 0.12766 0.705075 0.605314
0.250224 0.271277 0.655693 0.217277
0.30294 0.76523 0.55144 0.584948
0.260516 0.789474 0.577503 0.767803
0.260453 0.468054 0.537723 0.0699704
0.392241 0.857143 0.698217 0.589874
0.339972 0.846774 0.636488 0.000282606
0.227548 0.709677 0.438957 0.475939
0.205677 0.701613 0.411523 0
0.330416 0.815385 0.591221 0.00151947
0.923902 0.6 0.957476 0
0.530495 0.150685 1 2.12466e-007
0.807582 0.858974 1 1.59349e-007
0.442757 0.127202 1 1.06233e-007
0.410144 0.213675 0.997257 5.31164e-008
0.29453 0.168297 1 1.59349e-007
0.281712 0.722222 1 5.31164e-008
0.370701 0.299145 0.986283 0
0.448206 0.178683 0.995885 0
0.601689 0.22884 1 1.06233e-007
0.184414 0.252137 0.99177 1.06233e-007
0.659204 0.448718 0.995885 0
0.228023 0.125245 0.980796 5.31164e-008
0.368255 0.39185 1 0.329258
0.256552 0.582027 0.984911 0.662639
0.189916 0.318704 0.953361 1.06233e-007
0.251568 0.316614 0.994513 0.325212
0.19581 0.8591 0.884774 0.332607
0.23745 0.771037 0.901235 5.31164e-008
0.220221 0.8591 0.876543 0.967329
0.147794 0.845401 0.79561 0.333203
0.149594 0.819961 0.714678 5.31164e-008
0.225851 0.884615 0.938272 0.332982
0.982411 0.230769 1 0.00010983
1 0.75 1 0.218158
0.436541 0.806818 0.807956 1.11741e-005
0.551009 0.764205 0.910837 1.11741e-005
0.470407 0.909091 0.809328 0.591977
0.336237 0.846591 0.58299 0.544016
0.260443 0.897727 0.44856 0.644251
0.24213 0.886364 0.386831 2.23481e-005
0.233137 0.795455 0.408779 0.962275
0.179246 0.159664 0.293553 0.000280466
0.188012 0.3125 0.340192 0.193042
0.850648 0.604545 1 0.139756
0.65655 0.745455 1 1.72929e-006
0.578657 0.586364 1 0.856973
0.582416 0.122727 0.987654 5.18788e-006
0.405026 0.439516 0.888889 0.509542
0.231849 0.190909 0.857339 1.72929e-006
0.270185 0.25 0.805213 0.17888
0.601155 0.463636 0.997257 0.317147
0.259671 0.568293 0.66941 0.598161
0.1591 0.580488 0.377229 0.303109
0.811036 0.573684 1 1.14019e-005
0.24433 0.455497 0.898491 0
0.375399 0.554688 0.960219 0
0.936969 0.882813 1 0.66738
0.275992 0.414063 0.888889 1.26757e-005
0.249699 0.726563 0.770919 0.424932
0.182343 0.52 0.729767 0.000115225
0.181052 0.56 0.768176 0.447044
0.144653 0.5 0.772291 0.289155
0.224812 0.342657 0.725652 0.536581
0.146375 0.34 0.427984 0.529733
0.258817 0.56213 0.620027 0
0.418042 0.751479 0.931413 0
0.811954 0.8 1 0.481848
0.126267 0.789731 0.588477 0.104629
0.979458 0.698771 1 0.663839
0.246377 0.620902 1 8.21387e-008
0.250419 0.563525 0.99177 0.607353
0.304179 0.72541 0.993141 8.21387e-008
0.254951 0.883197 0.980796 8.21387e-008
0.234381 0.866803 0.987654 2.46416e-007
0.359154 0.717213 0.979424 4.10694e-008
0.319492 0.565574 0.994513 0.332918
0.359789 0.940574 0.995885 0
0.224637 0.823771 0.997257 1.23208e-007
0.420307 0.723361 0.899863 0.328859
0.358071 0.842213 0.835391 0.332782
0.217102 0.82582 0.964335 0
0.383253 0.823771 0.960219 0
0.255986 0.573771 0.972565 1.64277e-007
0.787828 0.715385 1 4.10694e-008
0.329557 0.680769 0.995885 0
0.597334 0.780769 1 1.64277e-007
0.431463 0.784615 0.998628 2.46416e-007
0.474041 0.726923 0.995885 0
0.33551 0.819231 0.986283 1.23208e-007
0.379392 0.757692 0.967078 4.10694e-008
0.213027 0.496154 0.982167 0
0.302326 0.476923 0.987654 1.64277e-007
0.212223 0.911538 0.875171 4.10694e-008
0.772361 0.769231 1 0.996561
0.388817 0.707692 1 4.10694e-008
0.246477 0.757692 0.994513 4.10694e-008
0.348826 0.638462 0.982167 1.23208e-007
0.217154 0.746154 0.989026 4.10694e-008
0.293481 0.838462 0.980796 0
0.978908 0.369231 1 8.21387e-008
0.814421 0.457692 1 0
0.513694 0.607692 1 1.23208e-007
0.99968 0.620352 1 0.664973
0.337977 0.493151 0.989026 0
0.585153 0.565558 0.972565 2.05347e-007
0.20259 0.502935 0.94513 1.23208e-007
0.212606 0.757339 0.935528 8.21387e-008
0.179127 0.712329 0.910837 8.21387e-008
0.356115 0.515385 1 0.0985706
0.457896 0.715385 0.993141 0
0.324534 0.596154 0.990398 4.10694e-008
0.287362 0.853846 0.957476 4.10694e-008
0.349567 0.495108 0.99177 1.64277e-007
0.146629 0.436399 0.88203 4.10694e-008
0.184155 0.796154 0.801097 4.10694e-008
0.188492 0.465164 0.844993 0
0.108212 0.52459 0.790123 4.10694e-008
0.140031 0.452869 0.912209 8.21387e-008
0.165896 0.842308 0.681756 0
0.133947 0.7 0.777778 4.10694e-008
0.197672 0.746154 0.8738 1.23208e-007
0.266458 0.626923 0.995885 8.21387e-008
0.248047 0.557692 0.983539 0
0.18682 0.519231 0.975309 8.21387e-008
0.230098 0.55 0.989026 1.64277e-007
0.265193 0.561538 0.953361 0.33318
0.556579 0.692308 1 0.514021
0.357833 0.508806 0.930041 0.454384
0.23437 0.502935 0.768176 0.333037
0.191008 0.774951 0.982167 0.260516
0.181615 0.786693 0.928669 0.356528
0.208073 0.861057 0.737997 0.600163
0.175493 0.958904 0.674897 0.868478
0.270695 0.990215 0.736626 0.948625
0.998996 0.636364 1 1.12784e-05
0.843054 0.240642 0.888889 0.00513168
0.884983 0.583333 0.962963 0.297895
0.566282 0.754011 0.722908 0.574208
0.649934 0.657025 0.993141 0
0.994065 0.430542 1 6.01864e-08
0.342215 0.361576 0.876543 6.01864e-08
0.58406 0.493596 0.961591 1.80559e-07
0.658338 0.349754 0.969822 1.80559e-07
0.571904 0.46798 0.899863 1.20373e-07
0.608681 0.393103 0.943759 0
0.286122 0.448276 0.783265 1.20373e-07
0.388007 0.46281 0.839506 1.80559e-07
0.363966 0.592118 0.728395 1.20373e-07
0.477288 0.426601 0.829904 6.01864e-08
0.325738 0.505419 0.759945 1.20373e-07
0.431496 0.391133 0.834019 6.01864e-08
0.297381 0.42266 0.78738 1.20373e-07
0.245879 0.430542 0.699588 2.40745e-07
0.334961 0.670936 0.780521 0
0.303742 0.442365 0.706447 6.01864e-08
0.480624 0.637438 0.887517 6.01864e-08
0.373382 0.385882 0.823045 1.80559e-07
0.378544 0.825882 0.809328 1.80559e-07
0.248155 0.491626 0.633745 6.01864e-08
0.28998 0.574384 0.659808 1.80559e-07
0.324158 0.609852 0.775034 3.00932e-07
0.368238 0.51133 0.776406 1.20373e-07
0.334732 0.72 0.829904 6.01864e-08
0.376527 0.623529 0.788752 6.01864e-08
0.284079 0.734118 0.791495 1.80559e-07
0.230896 0.545455 0.647462 6.01864e-08
0.362205 0.678818 0.695473 6.01864e-08
0.272401 0.814778 0.641975 6.01864e-08
0.348607 0.68867 0.607682 1.80559e-07
0.348999 0.64335 0.716049 6.01864e-08
0.270295 0.670936 0.687243 3.00932e-07
0.28707 0.797647 0.696845 1.20373e-07
0.245244 0.929412 0.596708 1.80559e-07
0.25641 0.460099 0.539095 0
0.479955 0.789163 0.901235 0.333097
0.324234 0.358491 0.66941 9.33445e-05
0.733731 0.607955 0.997257 0.607001
0.375181 0.733333 0.851852 0.263076
0.859394 0.863636 0.979424 0.328345
0.604825 0.696552 0.805213 0.63414
0.545815 0.6621 0.923182 0.959989
0.176222 0.503448 0.368999 0.334231
0.493628 0.744292 0.97668 0.931163
0.450559 0.534091 0.791495 0.651389
0.861093 0.528409 0.9369 0.780786
0.153292 0.585227 0.419753 0.96236
0.428321 0.683036 0.888889 4.72693e-06
0.440286 0.1875 0.924554 0.308841
0.61452 0.321429 0.950617 0.0137529
0.248299 0.347222 0.758573 0.455405
0.218195 0.284722 0.73251 2.36346e-06
0.496524 0.215278 0.964335 4.72689e-06
0.192919 0.526786 0.727023 0.123534
0.315666 0.709821 0.79561 2.36346e-06
0.215562 0.357143 0.713306 2.36346e-06
0.299926 0.459821 0.801097 0
0.351113 0.119205 0.860082 9.45378e-06
0.30564 0.536424 0.816187 0.790083
0.276739 0.229167 0.714678 2.36346e-06
0.225849 0.913907 0.633745 2.36346e-06
0.222334 0.834437 0.652949 0.311941
0.129276 0.571429 0.447188 0.329181
0.228375 0.4375 0.66118 0.316127
0.121099 0.847682 0.451303 4.72693e-06
0.419005 0.437086 0.875171 0.907687
0.401651 0.403974 0.844993 0.53874
0.491965 0.311258 0.917695 0.494325
0.597806 0.756944 1 0.957571
0.89804 0.857143 1 0.280145
0.470459 0.65 0.895748 0
0.624402 0.685315 0.914952 9.30241e-06
0.397095 0.571429 0.783265 0.0681421
0.428533 0.8125 0.839506 0.417072
0.340075 0.608392 0.754458 9.30241e-06
0.339308 0.839161 0.728395 0.479934
0.339109 0.81 0.709191 0.311594
0.544584 0.46 0.737997 9.30241e-06
0.393377 0.797203 0.773663 0
0.28778 0.723214 0.58299 4.65127e-06
0.280633 0.544643 0.613169 0.276359
0.380966 0.293706 0.654321 0.304625
0.996446 0.52518 1 0.10873
0.45489 0.568345 0.632373 0.462038
0.922033 0.227273 1 0
0.94072 0.893617 1 0.61173
0.472941 0.588652 0.618656 1.57903e-05
0.414312 0.676013 0.61454 0.0743266
0.446016 0.551402 0.563786 0.424393
0.390371 0.4375 0.584362 1.57903e-05
0.363819 0.46875 0.530864 1.57903e-05
0.38722 0.856698 0.534979 0.663704
0.386327 0.669782 0.548697 0.846574
0.254325 0.557632 0.423868 0.610247
0.282289 0.368794 0.482853 4.73709e-05
0.265217 0.2 0.588477 0.000484496
0.579558 0.882353 0.994513 0.998951
0.334814 0.480899 0.950617 1.93998e-07
0.371036 0.501124 0.942387 9.69991e-08
0.271565 0.492135 0.8738 9.69991e-08
0.282447 0.413483 0.872428 1.93998e-07
0.252083 0.45618 0.891632 9.69991e-08
0.273611 0.462921 0.838134 0
0.302549 0.391011 0.829904 1.93998e-07
0.253456 0.440449 0.828532 9.6999e-08
0.287303 0.669276 0.887517 2.90997e-07
0.253262 0.735812 0.729767 0.333185
0.233051 0.514607 0.844993 0.333333
0.222631 0.576471 0.739369 1.93998e-07
0.429609 0.837573 0.972565 0.169561
0.597758 0.835616 0.973937 9.69991e-08
0.184605 0.923679 0.691358 0
0.15723 0.966732 0.618656 9.69991e-08
0.664195 0.949119 1 2.90997e-07
0.168781 0.91236 0.836763 2.90997e-07
0.152453 0.88764 0.799726 0.332486
0.227353 0.708738 0.91358 0.180196
0.183185 0.553398 0.72428 0.0483223
0.258451 0.928839 0.924554 0.599984
0.918022 0.353003 1 6.77918e-07
0.988884 0.624868 1 3.38959e-07
0.639671 0.633298 0.986283 0
0.748464 0.42255 0.997257 3.38959e-07
0.652182 0.652266 0.998628 0
0.782701 0.604396 1 0.974933
0.297035 0.773767 0.788752 0.000586393
0.260389 0.737665 0.772291 0.00112952
0.188898 0.754513 0.62963 0.00028832
0.244683 0.699158 0.773663 0.000894192
0.595111 0.759747 1 0.0126348
0.377966 0.641728 0.890261 0.000782804
0.36494 0.790614 0.909465 0.000937138
0.261385 0.648616 0.809328 0.00121547
0.244055 0.723225 0.79561 0.000553476
0.218333 0.637513 0.79561 0.00112479
0.170037 0.773767 0.69273 0.00124743
0.638787 0.96628 1 0.235961
0.364494 0.721812 0.887517 0.00126865
0.321905 0.69863 0.875171 0.377273
0.308465 0.806112 0.851852 0.00294777
0.269471 0.869336 0.759945 0.269523
0.238254 0.608008 0.757202 0.308525
0.246511 0.637513 0.773663 0.311423
0.380184 0.547945 0.980796 1.26614e-07
0.329091 0.551859 0.961591 0
0.648685 0.674322 0.989026 1.89921e-07
0.634783 0.716075 1 0
0.183658 0.874739 0.888889 1.26614e-07
0.170534 0.483366 0.868313 6.33069e-08
0.243116 0.485323 0.891632 0
0.221071 0.504892 0.770919 2.53228e-07
0.336218 0.516634 0.978052 2.53228e-07
0.211077 0.459883 0.853224 1.26614e-07
0.374214 0.531453 0.916324 6.33069e-08
0.236249 0.414317 0.846365 0
0.204784 0.364425 0.775034 1.26614e-07
0.41057 0.440347 1 6.33069e-08
0.225959 0.375271 0.9369 2.53228e-07
0.19059 0.826464 0.677641 0.884873
0.375872 0.64859 0.801097 0.562506
0.130692 0.94577 0.577503 0.948246
0.250897 0.772234 0.655693 0.114988
0.230145 0.700651 0.662551 0.352175
0.25985 0.599165 0.759945 0.93032
0.125468 0.826464 0.674897 0.287002
0.439185 0.591633 0.987654 2.01864e-07
0.590824 0.593625 1 1.00932e-07
0.212755 0.555777 0.9369 2.01864e-07
0.439102 0.567729 0.979424 1.00932e-07
0.406679 0.611554 0.972565 0
0.265889 0.551793 0.939643 3.02797e-07
0.876021 0.766667 1 0.995045
0.317596 0.579681 0.971193 1.00932e-07
0.206927 0.677291 0.893004 0
0.237714 0.266667 0.877915 1.00932e-07
0.342744 0.59761 0.927298 2.01864e-07
0.288643 0.585657 0.930041 1.00932e-07
0.267287 0.370518 0.888889 2.01864e-07
0.282064 0.48008 0.888889 3.02797e-07
0.332155 0.374502 0.861454 2.01864e-07
0.402314 0.250996 0.973937 1.00932e-07
0.350398 0.222482 0.935528 2.01864e-07
0.234505 0.378486 0.893004 1.00932e-07
0.204271 0.490476 0.861454 1.00932e-07
0.327307 0.428571 0.917695 3.02797e-07
0.212301 0.551793 0.799726 0
0.389576 0.727092 0.927298 4.03729e-07
0.243504 0.470119 0.854595 1.00932e-07
0.239436 0.703187 0.799726 2.01864e-07
0.277846 0.838645 0.857339 2.01864e-07
0.276274 0.641434 0.887517 4.03729e-07
0.239619 0.309524 0.786008 0
0.198812 0.480952 0.85048 3.02797e-07
0.19163 0.5 0.836763 2.01864e-07
0.272157 0.52381 0.932785 3.02797e-07
0.365482 0.622951 0.866941 2.01864e-07
0.313074 0.412351 0.77915 3.02797e-07
0.293258 0.61753 0.846365 2.01864e-07
0.241071 0.657371 0.834019 2.01864e-07
0.259122 0.775176 0.839506 1.00932e-07
0.237408 0.716628 0.772291 3.02797e-07
0.295028 0.784861 0.893004 1.00932e-07
0.215475 0.85259 0.836763 1.00932e-07
0.18314 0.61753 0.716049 0
0.192369 0.609562 0.794239 2.01864e-07
0.264462 0.581673 0.799726 1.00932e-07
0.50608 0.810757 0.994513 2.01864e-07
0.299181 0.579681 0.939643 3.02797e-07
0.552487 0.632318 0.983539 2.01864e-07
0.347869 0.537849 0.971193 3.02797e-07
0.362876 0.601594 0.946502 5.04661e-07
0.223114 0.756972 0.901235 2.01864e-07
0.341884 0.42623 0.956104 1.00932e-07
0.321258 0.681275 0.895748 3.02797e-07
0.341315 0.552693 0.960219 2.01864e-07
0.345181 0.573771 0.946502 2.01864e-07
0.103129 0.898406 0.503429 4.03729e-07
0.185069 0.744731 0.821674 4.03729e-07
0.169656 0.70726 0.611797 3.02797e-07
0.214574 0.733068 0.919067 1.00932e-07
0.175058 0.747012 0.821674 2.01864e-07
